{
  "camera_angle_x": 0.6921443042083512,
  "camera_angle_y": 0.6919494255834252,
  "fl_x": 1109.3127063599034,
  "fl_y": 1109.6515395247218,
  "k1": -0.04533749366947572,
  "k2": 0.11473147652554787,
  "k3": 0,
  "k4": 0,
  "p1": 0.00033997557271696815,
  "p2": -0.0010659578081485687,
  "is_fisheye": false,
  "cx": 400.0,
  "cy": 400.0,
  "w": 800.0,
  "h": 800.0,
  "aabb_scale": 2,
  "frames": [
    {
      "file_path": "./images/r_99.png",
      "sharpness": 921.08116875,
      "transform_matrix": [
        [
          0.058805842325081036,
          0.8506734736036863,
          -0.5223949791879245,
          -2.1012082550087885
        ],
        [
          -0.9981223053800149,
          0.05908816544148786,
          -0.016138531770292338,
          -0.056950497125903075
        ],
        [
          0.01713874007616066,
          0.5223631209006379,
          0.8525508979391669,
          3.411598182114354
        ],
        [
          0.0,
          0.0,
          0.0,
          1.0
        ]
      ]
    },
    {
      "file_path": "./images/r_98.png",
      "sharpness": 429.46556875,
      "transform_matrix": [
        [
          -0.9066211856131745,
          0.2231404145182518,
          -0.35811503915817294,
          -1.445829805402728
        ],
        [
          -0.41493466536167056,
          -0.3174152530927853,
          0.8526879737543493,
          3.4211785575659954
        ],
        [
          0.07659797212754973,
          0.9216593256573421,
          0.3803640863174825,
          1.5214586363841258
        ],
        [
          0.0,
          0.0,
          0.0,
          1.0
        ]
      ]
    },
    {
      "file_path": "./images/r_97.png",
      "sharpness": 701.499446875,
      "transform_matrix": [
        [
          -0.41677151640196014,
          -0.38189399256887363,
          0.8248990735969409,
          3.293986513678567
        ],
        [
          0.9089938356840778,
          -0.18071235919480055,
          0.37559719104734274,
          1.5093527136964404
        ],
        [
          0.005631146800584947,
          0.9063663838302434,
          0.42245504910407977,
          1.6895804766564455
        ],
        [
          0.0,
          0.0,
          0.0,
          1.0
        ]
      ]
    },
    {
      "file_path": "./images/r_96.png",
      "sharpness": 631.1189,
      "transform_matrix": [
        [
          0.025647514499866023,
          -0.427723103081782,
          0.9035458771724577,
          3.606166056030436
        ],
        [
          0.9992849872840341,
          0.03608628282018144,
          -0.01128248115558982,
          -0.03952348562656452
        ],
        [
          -0.027779834214323628,
          0.9031891979798533,
          0.42834279908604295,
          1.7116852441705175
        ],
        [
          0.0,
          0.0,
          0.0,
          1.0
        ]
      ]
    },
    {
      "file_path": "./images/r_95.png",
      "sharpness": 712.98271875,
      "transform_matrix": [
        [
          0.04390730762596104,
          0.19319703772153396,
          -0.9801770518727417,
          -3.9300081145048837
        ],
        [
          -0.9989045682709123,
          0.024380324182841872,
          -0.03994074711742751,
          -0.15192687416019146
        ],
        [
          0.016180600253767757,
          0.9808570255004921,
          0.19405587795036475,
          0.7752438387712691
        ],
        [
          0.0,
          0.0,
          0.0,
          1.0
        ]
      ]
    },
    {
      "file_path": "./images/r_94.png",
      "sharpness": 669.630428125,
      "transform_matrix": [
        [
          -0.0174731937828635,
          -0.48624350468497607,
          0.8736486374487022,
          3.486428336081901
        ],
        [
          0.9995483671167416,
          0.012871298531816837,
          0.0271549529260813,
          0.11424280449704165
        ],
        [
          -0.02444891190485058,
          0.8737285527502583,
          0.48579899843550567,
          1.941559359457948
        ],
        [
          0.0,
          0.0,
          0.0,
          1.0
        ]
      ]
    },
    {
      "file_path": "./images/r_93.png",
      "sharpness": 754.57716875,
      "transform_matrix": [
        [
          -0.8469496647676508,
          -0.41161901677961793,
          0.33652050523054333,
          1.338335623881829
        ],
        [
          0.5296499714884998,
          -0.7083737173054908,
          0.46655930419732117,
          1.8747102918769423
        ],
        [
          0.04633759917659807,
          0.5733903222848025,
          0.8179708829035489,
          3.2750163479330285
        ],
        [
          0.0,
          0.0,
          0.0,
          1.0
        ]
      ]
    },
    {
      "file_path": "./images/r_92.png",
      "sharpness": 762.33545625,
      "transform_matrix": [
        [
          -0.9964926713515736,
          0.013640427860132118,
          0.08256085474165849,
          0.3206917752380522
        ],
        [
          0.04542982377445087,
          -0.7403798474281695,
          0.6706517819510506,
          2.6919144556752754
        ],
        [
          0.07027437028814089,
          0.6720503108246768,
          0.7371634097446731,
          2.9516008501173014
        ],
        [
          0.0,
          0.0,
          0.0,
          1.0
        ]
      ]
    },
    {
      "file_path": "./images/r_91.png",
      "sharpness": 492.1771875,
      "transform_matrix": [
        [
          -0.7640868981361618,
          0.6344753852555706,
          -0.11667132324067334,
          -0.4784377044737651
        ],
        [
          -0.6413159798061269,
          -0.7274694570403228,
          0.24393032431172199,
          0.9833992892757647
        ],
        [
          0.06989296232312735,
          0.2612071488440615,
          0.9627490842767842,
          3.8531067294426573
        ],
        [
          0.0,
          0.0,
          0.0,
          1.0
        ]
      ]
    },
    {
      "file_path": "./images/r_90.png",
      "sharpness": 692.396921875,
      "transform_matrix": [
        [
          -0.5640265773711233,
          -0.36312764694332544,
          0.7416281629696218,
          2.9613478866747833
        ],
        [
          0.8255445128668052,
          -0.2683235648052828,
          0.49646623434605414,
          1.9933499873492222
        ],
        [
          0.018715696983105774,
          0.8922672114655948,
          0.4511196582894391,
          1.8049156161911761
        ],
        [
          0.0,
          0.0,
          0.0,
          1.0
        ]
      ]
    },
    {
      "file_path": "./images/r_9.png",
      "sharpness": 649.97530625,
      "transform_matrix": [
        [
          -0.275812184874309,
          -0.3710740095388158,
          0.8866970836677668,
          3.5418890255384383
        ],
        [
          0.9611947766324813,
          -0.10102571530953909,
          0.2567068487997292,
          1.0336067826147286
        ],
        [
          -0.0056780325197716836,
          0.9230914821163637,
          0.3845385229807951,
          1.5380455529572232
        ],
        [
          0.0,
          0.0,
          0.0,
          1.0
        ]
      ]
    },
    {
      "file_path": "./images/r_89.png",
      "sharpness": 420.732528125,
      "transform_matrix": [
        [
          -0.9098833361576583,
          0.1556450882705997,
          -0.3845606859068183,
          -1.551933155772716
        ],
        [
          -0.40774527559511814,
          -0.1645195821917387,
          0.8981520457613918,
          3.6055998284063393
        ],
        [
          0.07652519107019336,
          0.9740163826323246,
          0.21315717571980564,
          0.854176834882596
        ],
        [
          0.0,
          0.0,
          0.0,
          1.0
        ]
      ]
    },
    {
      "file_path": "./images/r_88.png",
      "sharpness": 466.086096875,
      "transform_matrix": [
        [
          0.8338007449684415,
          -0.546204663644169,
          0.08022956542763912,
          0.31014640818613026
        ],
        [
          0.5472747856045488,
          0.8368939932383752,
          0.009937460595071989,
          0.0460316888036405
        ],
        [
          -0.07257152870832492,
          0.03562175617129175,
          0.9967268752138381,
          3.9885968524073205
        ],
        [
          0.0,
          0.0,
          0.0,
          1.0
        ]
      ]
    },
    {
      "file_path": "./images/r_87.png",
      "sharpness": 759.703146875,
      "transform_matrix": [
        [
          -0.8268904684188466,
          -0.42023593592693087,
          0.373702972237247,
          1.4872653257622153
        ],
        [
          0.5606061568009475,
          -0.66846461450206,
          0.4887492159743489,
          1.9638477353967962
        ],
        [
          0.04441722906631109,
          0.6136422551873874,
          0.7883338711966777,
          3.156608493195826
        ],
        [
          0.0,
          0.0,
          0.0,
          1.0
        ]
      ]
    },
    {
      "file_path": "./images/r_86.png",
      "sharpness": 880.64378125,
      "transform_matrix": [
        [
          -0.3929878399748981,
          0.8390354932075104,
          -0.3762711772580641,
          -1.5170742617384376
        ],
        [
          -0.9183228092314067,
          -0.3370259618503947,
          0.20759749296224797,
          0.8391288838433927
        ],
        [
          0.04736850946424306,
          0.4271216948758719,
          0.9029525359302285,
          3.6134154965038756
        ],
        [
          0.0,
          0.0,
          0.0,
          1.0
        ]
      ]
    },
    {
      "file_path": "./images/r_85.png",
      "sharpness": 579.192625,
      "transform_matrix": [
        [
          -0.36493367085491657,
          -0.08343467974330519,
          0.9272874797805496,
          3.7041116028191836
        ],
        [
          0.9310333069504801,
          -0.03337779399260121,
          0.36340460126021695,
          1.4600834964742413
        ],
        [
          0.0006302639486438045,
          0.9959541039373196,
          0.08986114668252276,
          0.35840075553256573
        ],
        [
          0.0,
          0.0,
          0.0,
          1.0
        ]
      ]
    },
    {
      "file_path": "./images/r_84.png",
      "sharpness": 614.1262625,
      "transform_matrix": [
        [
          -0.7106957529023733,
          0.5700012209498069,
          -0.4123228771091084,
          -1.6603759314657656
        ],
        [
          -0.7004869214560085,
          -0.5191833362223971,
          0.48965981687097915,
          1.9659932385796226
        ],
        [
          0.0650355265281926,
          0.6368259350492029,
          0.7682597925202396,
          3.0729364772215786
        ],
        [
          0.0,
          0.0,
          0.0,
          1.0
        ]
      ]
    },
    {
      "file_path": "./images/r_83.png",
      "sharpness": 703.514684375,
      "transform_matrix": [
        [
          -0.4498828236982786,
          -0.3646664899382552,
          0.8152446234858908,
          3.255617633576004
        ],
        [
          0.8930449534296955,
          -0.19260761071276603,
          0.4066608162207529,
          1.6337247381248334
        ],
        [
          0.008726746629398175,
          0.9109998131036062,
          0.4123144242975175,
          1.6489978055969294
        ],
        [
          0.0,
          0.0,
          0.0,
          1.0
        ]
      ]
    },
    {
      "file_path": "./images/r_82.png",
      "sharpness": 581.199425,
      "transform_matrix": [
        [
          0.6609754278205341,
          -0.6860248523327356,
          0.30410752352512715,
          1.2069400208276293
        ],
        [
          0.7474147763057732,
          0.6380134056629456,
          -0.1852297123957639,
          -0.7364799788471128
        ],
        [
          -0.06695249067805177,
          0.3497267450643002,
          0.9344562953097739,
          3.739378495116906
        ],
        [
          0.0,
          0.0,
          0.0,
          1.0
        ]
      ]
    },
    {
      "file_path": "./images/r_81.png",
      "sharpness": 440.7517,
      "transform_matrix": [
        [
          0.5566021640749503,
          -0.1929185141751048,
          0.8080695996638086,
          3.230344317038898
        ],
        [
          0.8285346106075709,
          0.2003524469759471,
          -0.5228664227278014,
          -2.0909719268726126
        ],
        [
          -0.06102810823481823,
          0.9605422135136912,
          0.27135627158558545,
          1.0851006175993234
        ],
        [
          0.0,
          0.0,
          0.0,
          1.0
        ]
      ]
    },
    {
      "file_path": "./images/r_80.png",
      "sharpness": 899.708009375,
      "transform_matrix": [
        [
          0.11267109284428915,
          0.7724876554914532,
          -0.6249544359518272,
          -2.5120363564418193
        ],
        [
          -0.9935528464471628,
          0.09554350459794211,
          -0.06102606038357081,
          -0.23654598898797985
        ],
        [
          0.012568458715283252,
          0.6278011316551181,
          0.7782723000360529,
          3.1147852045630375
        ],
        [
          0.0,
          0.0,
          0.0,
          1.0
        ]
      ]
    },
    {
      "file_path": "./images/r_8.png",
      "sharpness": 714.61274375,
      "transform_matrix": [
        [
          -0.625430274185668,
          -0.19133748390259717,
          0.7564568325100508,
          3.0220391935647872
        ],
        [
          0.7799079195325368,
          -0.1832307875652521,
          0.5984731535655584,
          2.402493002688825
        ],
        [
          0.024095833793446167,
          0.9642699029863548,
          0.26382370070525624,
          1.0554362316932568
        ],
        [
          0.0,
          0.0,
          0.0,
          1.0
        ]
      ]
    },
    {
      "file_path": "./images/r_79.png",
      "sharpness": 483.054578125,
      "transform_matrix": [
        [
          0.8854523357643984,
          -0.36666120531588814,
          0.28554110329503635,
          1.132759546024132
        ],
        [
          0.4586491099965471,
          0.788531002411839,
          -0.409707032078792,
          -1.6347473864799353
        ],
        [
          -0.07493433820261222,
          0.49373922142696636,
          0.8663754533965986,
          3.465783513696921
        ],
        [
          0.0,
          0.0,
          0.0,
          1.0
        ]
      ]
    },
    {
      "file_path": "./images/r_78.png",
      "sharpness": 516.499353125,
      "transform_matrix": [
        [
          0.2145017009061189,
          -0.16740613123736828,
          0.9622703401839812,
          3.847578906408741
        ],
        [
          0.9758281488052665,
          0.07890832457539634,
          -0.20379622251662963,
          -0.8119340330694993
        ],
        [
          -0.04181440316021585,
          0.982725121080007,
          0.18028558498108707,
          0.7204818853101622
        ],
        [
          0.0,
          0.0,
          0.0,
          1.0
        ]
      ]
    },
    {
      "file_path": "./images/r_77.png",
      "sharpness": 796.9912125,
      "transform_matrix": [
        [
          0.7318717704556453,
          0.6421046457147075,
          -0.22817829788782396,
          -0.9241334617673829
        ],
        [
          -0.6805370192282113,
          0.671451819901197,
          -0.29329476471871774,
          -1.1675890532522883
        ],
        [
          -0.035115197610953976,
          0.36993793741720654,
          0.9283926138340282,
          3.7163575549027077
        ],
        [
          0.0,
          0.0,
          0.0,
          1.0
        ]
      ]
    },
    {
      "file_path": "./images/r_76.png",
      "sharpness": 428.942484375,
      "transform_matrix": [
        [
          -0.8994037012385077,
          0.23672682161321185,
          -0.3674689023477436,
          -1.4833456457867822
        ],
        [
          -0.43038875708317725,
          -0.33263219301968555,
          0.8391193847977588,
          3.367094584719923
        ],
        [
          0.0764100780627406,
          0.9128615646162485,
          0.40105518807534807,
          1.60473123728143
        ],
        [
          0.0,
          0.0,
          0.0,
          1.0
        ]
      ]
    },
    {
      "file_path": "./images/r_75.png",
      "sharpness": 287.417896875,
      "transform_matrix": [
        [
          0.7522339473839857,
          -0.04134631736939202,
          0.6575975748954462,
          2.6287926583886443
        ],
        [
          0.6550735814688905,
          0.15427765070700394,
          -0.7396465435286675,
          -2.9622947923003142
        ],
        [
          -0.07087094823558242,
          0.9871620376595076,
          0.1431377663841743,
          0.5715799876043215
        ],
        [
          0.0,
          0.0,
          0.0,
          1.0
        ]
      ]
    },
    {
      "file_path": "./images/r_74.png",
      "sharpness": 754.39591875,
      "transform_matrix": [
        [
          0.9679129238163815,
          0.16317530646809053,
          -0.19109785800354645,
          -0.7761172585379909
        ],
        [
          -0.24306186558678086,
          0.41499088184639443,
          -0.8767573766338564,
          -3.5034765323580754
        ],
        [
          -0.06376128501853992,
          0.8950733977712364,
          0.4413367322129111,
          1.7639048546230016
        ],
        [
          0.0,
          0.0,
          0.0,
          1.0
        ]
      ]
    },
    {
      "file_path": "./images/r_73.png",
      "sharpness": 915.429371875,
      "transform_matrix": [
        [
          -0.18681234196652105,
          0.5866509417685346,
          -0.7879986176868271,
          -3.165361587869289
        ],
        [
          -0.9818470534686691,
          -0.08469345617537906,
          0.16971559172927436,
          0.6874923008658607
        ],
        [
          0.03282548532746442,
          0.8053990880723754,
          0.5918232814874174,
          2.3697368919731487
        ],
        [
          0.0,
          0.0,
          0.0,
          1.0
        ]
      ]
    },
    {
      "file_path": "./images/r_72.png",
      "sharpness": 794.928875,
      "transform_matrix": [
        [
          0.17885266807302813,
          0.4058402295129346,
          -0.8962730785298213,
          -3.5962908985188355
        ],
        [
          -0.983846147653172,
          0.08085348439758977,
          -0.15971684885708717,
          -0.6319706066076533
        ],
        [
          0.007647278773647699,
          0.9103606001111205,
          0.41374520777648993,
          1.654719255036351
        ],
        [
          0.0,
          0.0,
          0.0,
          1.0
        ]
      ]
    },
    {
      "file_path": "./images/r_71.png",
      "sharpness": 614.468875,
      "transform_matrix": [
        [
          -0.9772111217339937,
          0.18798307280456705,
          -0.09859405643150361,
          -0.40468630872671985
        ],
        [
          -0.19866045221810272,
          -0.646286011934562,
          0.7367824750238532,
          2.955772080580328
        ],
        [
          0.07478267411197058,
          0.7395787687287073,
          0.6689026809362661,
          2.677825045909505
        ],
        [
          0.0,
          0.0,
          0.0,
          1.0
        ]
      ]
    },
    {
      "file_path": "./images/r_70.png",
      "sharpness": 501.339346875,
      "transform_matrix": [
        [
          -0.702613564291739,
          0.28156808218635676,
          -0.6534933774969955,
          -2.626386803947625
        ],
        [
          -0.7087882586464229,
          -0.19578589472344082,
          0.6777072287001003,
          2.723297926961367
        ],
        [
          0.06287593905982558,
          0.9393547245763191,
          0.33713397599296474,
          1.3494326748758225
        ],
        [
          0.0,
          0.0,
          0.0,
          1.0
        ]
      ]
    },
    {
      "file_path": "./images/r_7.png",
      "sharpness": 545.73013125,
      "transform_matrix": [
        [
          -0.9946851515150947,
          0.0800454620089509,
          0.0647624384380491,
          0.24824251503182518
        ],
        [
          -0.07337509637398183,
          -0.992325174194968,
          0.09953312961567808,
          0.40512369864333847
        ],
        [
          0.07223257334961161,
          0.09425217595073654,
          0.9929244597355715,
          3.9732037824306667
        ],
        [
          0.0,
          0.0,
          0.0,
          1.0
        ]
      ]
    },
    {
      "file_path": "./images/r_69.png",
      "sharpness": 627.7182,
      "transform_matrix": [
        [
          -0.6798008820214714,
          -0.04523566010574836,
          0.7320003387450736,
          2.9244867420293414
        ],
        [
          0.732806405558206,
          -0.08193438886835798,
          0.6754861418961068,
          2.7117867741452946
        ],
        [
          0.029419938885553065,
          0.9956106121574207,
          0.0888480513057462,
          0.35404687253452083
        ],
        [
          0.0,
          0.0,
          0.0,
          1.0
        ]
      ]
    },
    {
      "file_path": "./images/r_68.png",
      "sharpness": 870.1819125,
      "transform_matrix": [
        [
          -0.03415317662526605,
          0.5777303744812026,
          -0.815512829447513,
          -3.275554495488857
        ],
        [
          -0.9991567493100596,
          -0.0011310661880414633,
          0.04104279470855995,
          0.17205452983108618
        ],
        [
          0.022789270169429342,
          0.8162268895083025,
          0.577281832447617,
          2.3113987479933225
        ],
        [
          0.0,
          0.0,
          0.0,
          1.0
        ]
      ]
    },
    {
      "file_path": "./images/r_67.png",
      "sharpness": 387.37749375,
      "transform_matrix": [
        [
          0.8648325612051825,
          -0.18300069308847444,
          0.46752046743826947,
          1.8630014293931705
        ],
        [
          0.49648124084690604,
          0.4501661255445107,
          -0.7421973032148641,
          -2.968035899331012
        ],
        [
          -0.07463925654272754,
          0.8739915364539677,
          0.4801747345028825,
          1.9214312155714617
        ],
        [
          0.0,
          0.0,
          0.0,
          1.0
        ]
      ]
    },
    {
      "file_path": "./images/r_66.png",
      "sharpness": 800.225221875,
      "transform_matrix": [
        [
          0.2714148978191511,
          -0.7289093531387705,
          0.6285102292038807,
          2.5071012981941116
        ],
        [
          0.9614573165520339,
          0.23517468565876246,
          -0.1424524330221175,
          -0.5649210943047216
        ],
        [
          -0.04397478477914369,
          0.6429494709486544,
          0.7646451439562052,
          3.059597833028779
        ],
        [
          0.0,
          0.0,
          0.0,
          1.0
        ]
      ]
    },
    {
      "file_path": "./images/r_65.png",
      "sharpness": 454.100065625,
      "transform_matrix": [
        [
          -0.7531880298762359,
          0.19668337594186516,
          -0.6277128653648423,
          -2.522956890991028
        ],
        [
          -0.6545650554313213,
          -0.1294953662247786,
          0.7448325572466323,
          2.992158044252291
        ],
        [
          0.06521027448625472,
          0.9718778728927614,
          0.22627642464074915,
          0.9045600160170711
        ],
        [
          0.0,
          0.0,
          0.0,
          1.0
        ]
      ]
    },
    {
      "file_path": "./images/r_64.png",
      "sharpness": 290.27618125,
      "transform_matrix": [
        [
          0.7465455168253763,
          -0.04224330823128265,
          0.6639919384170899,
          2.654084698151976
        ],
        [
          0.661577027045953,
          0.1530433205237666,
          -0.7340937129060257,
          -2.9394335168801975
        ],
        [
          -0.07060898407142792,
          0.9873161829001461,
          0.14220100708932476,
          0.5677307170235231
        ],
        [
          0.0,
          0.0,
          0.0,
          1.0
        ]
      ]
    },
    {
      "file_path": "./images/r_63.png",
      "sharpness": 722.2246625,
      "transform_matrix": [
        [
          -0.3902785033872945,
          0.36572471005100876,
          -0.8449426763497953,
          -3.3917785810791816
        ],
        [
          -0.9196177971687471,
          -0.1104288282127021,
          0.37697291816538675,
          1.517950250483017
        ],
        [
          0.044562281536906424,
          0.9241487490777924,
          0.3794249500329534,
          1.5178664625709966
        ],
        [
          0.0,
          0.0,
          0.0,
          1.0
        ]
      ]
    },
    {
      "file_path": "./images/r_62.png",
      "sharpness": 599.227228125,
      "transform_matrix": [
        [
          -0.24817065971091903,
          -0.8994881277999999,
          0.3596281853119606,
          1.4296469665416196
        ],
        [
          0.9686895706568617,
          -0.22766981830678035,
          0.09903014456638469,
          0.40190876650506674
        ],
        [
          -0.007199955723809483,
          0.37294444873425686,
          0.9278257373349851,
          3.7128953330494596
        ],
        [
          0.0,
          0.0,
          0.0,
          1.0
        ]
      ]
    },
    {
      "file_path": "./images/r_34.png",
      "sharpness": 607.7930125,
      "transform_matrix": [
        [
          0.3344603372431712,
          -0.4289509077072915,
          0.8391289541265696,
          3.350146974312627
        ],
        [
          0.9411365093969342,
          0.1982992341848075,
          -0.27375077059604747,
          -1.0912307452004621
        ],
        [
          -0.04897298745285213,
          0.8812936698747119,
          0.47002458872279995,
          1.8799233338822845
        ],
        [
          0.0,
          0.0,
          0.0,
          1.0
        ]
      ]
    },
    {
      "file_path": "./images/r_33.png",
      "sharpness": 1004.444403125,
      "transform_matrix": [
        [
          -0.3161558959380027,
          0.788473386973295,
          -0.5275937523926668,
          -2.121442892893777
        ],
        [
          -0.9477970424021808,
          -0.23815130081949826,
          0.21204887250753193,
          0.8567178708279423
        ],
        [
          0.041547754273328276,
          0.5670922993779004,
          0.8226056820655088,
          3.2919367476342756
        ],
        [
          0.0,
          0.0,
          0.0,
          1.0
        ]
      ]
    },
    {
      "file_path": "./images/r_32.png",
      "sharpness": 662.078990625,
      "transform_matrix": [
        [
          -0.49345315297137327,
          -0.11399153810169421,
          0.862270210043868,
          3.4464390387419215
        ],
        [
          0.8696873272257483,
          -0.0785286814236941,
          0.4873163234048772,
          1.9580779340764143
        ],
        [
          0.012163005378692143,
          0.9903732505979901,
          0.13788722154522076,
          0.550525220536855
        ],
        [
          0.0,
          0.0,
          0.0,
          1.0
        ]
      ]
    },
    {
      "file_path": "./images/r_31.png",
      "sharpness": 569.645071875,
      "transform_matrix": [
        [
          -0.3511842416122343,
          -0.8590383626845142,
          0.3724549904952605,
          1.4811922402591677
        ],
        [
          0.9363042306589028,
          -0.32305368838365933,
          0.1377341717657984,
          0.5573270716558228
        ],
        [
          0.002004021036995492,
          0.3971012539863949,
          0.917772617834858,
          3.67362341545476
        ],
        [
          0.0,
          0.0,
          0.0,
          1.0
        ]
      ]
    },
    {
      "file_path": "./images/r_30.png",
      "sharpness": 805.18041875,
      "transform_matrix": [
        [
          0.7199631893909657,
          0.6485579452193618,
          -0.2470335962578832,
          -0.9993625966702008
        ],
        [
          -0.6931710971083984,
          0.6544740701153455,
          -0.30195615854002583,
          -1.201798417274846
        ],
        [
          -0.03415898253092323,
          0.3886338678994314,
          0.9207588613200047,
          3.68385988549864
        ],
        [
          0.0,
          0.0,
          0.0,
          1.0
        ]
      ]
    },
    {
      "file_path": "./images/r_3.png",
      "sharpness": 757.166140625,
      "transform_matrix": [
        [
          -0.9884880441066094,
          -0.0786018928299749,
          0.1292792681256766,
          0.507470707001634
        ],
        [
          0.13568609094130354,
          -0.8385721135232811,
          0.5276230616133282,
          2.1190107132167917
        ],
        [
          0.0669378177633376,
          0.5390904867314257,
          0.8395836919176602,
          3.3615658480149118
        ],
        [
          0.0,
          0.0,
          0.0,
          1.0
        ]
      ]
    },
    {
      "file_path": "./images/r_29.png",
      "sharpness": 610.564115625,
      "transform_matrix": [
        [
          -0.9961737975066087,
          0.0867188753271381,
          -0.010844440443536154,
          -0.0526710658653356
        ],
        [
          -0.0476792056615539,
          -0.4352835287269725,
          0.8990300011493134,
          3.6059296613117677
        ],
        [
          0.07324246428169233,
          0.8961071846234745,
          0.4377527328954866,
          1.7516240261042355
        ],
        [
          0.0,
          0.0,
          0.0,
          1.0
        ]
      ]
    },
    {
      "file_path": "./images/r_28.png",
      "sharpness": 869.982921875,
      "transform_matrix": [
        [
          -0.37759837831445464,
          0.5506170979581616,
          -0.744473153441883,
          -2.9906730031378634
        ],
        [
          -0.9249054622901122,
          -0.18574491028742424,
          0.331735910218184,
          1.3364906994738421
        ],
        [
          0.044377365075387316,
          0.8138302278737984,
          0.5794057384365289,
          2.3191708163387563
        ],
        [
          0.0,
          0.0,
          0.0,
          1.0
        ]
      ]
    },
    {
      "file_path": "./images/r_27.png",
      "sharpness": 555.14801875,
      "transform_matrix": [
        [
          0.7906414850229009,
          -0.3473468964377064,
          0.5042183810226981,
          2.008829725061252
        ],
        [
          0.6080128416896334,
          0.5424550500920248,
          -0.579709326274998,
          -2.3161265844087553
        ],
        [
          -0.07215557181737316,
          0.7649134932854471,
          0.6400788399180952,
          2.5603847195411285
        ],
        [
          0.0,
          0.0,
          0.0,
          1.0
        ]
      ]
    },
    {
      "file_path": "./images/r_26.png",
      "sharpness": 379.983578125,
      "transform_matrix": [
        [
          0.9542843345023609,
          0.02043070472475593,
          0.2982012664176855,
          1.1820772828040513
        ],
        [
          0.28877315358387856,
          0.1944770298764609,
          -0.9374373315692672,
          -3.747749569232649
        ],
        [
          -0.07714580191756563,
          0.980694280200389,
          0.17968654399834544,
          0.718212394713201
        ],
        [
          0.0,
          0.0,
          0.0,
          1.0
        ]
      ]
    },
    {
      "file_path": "./images/r_25.png",
      "sharpness": 817.848875,
      "transform_matrix": [
        [
          -0.8029232943615527,
          -0.04917867673212543,
          0.5940502009020319,
          2.718741274243378
        ],
        [
          0.596014095126699,
          -0.08131865364857166,
          0.7988457141270411,
          2.4952098812156525
        ],
        [
          0.009021187403119154,
          0.9954741254239492,
          0.09460382579258338,
          0.43347684069572306
        ],
        [
          0.0,
          0.0,
          0.0,
          1.0
        ]
      ]
    },
    {
      "file_path": "./images/r_24.png",
      "sharpness": 760.4596375,
      "transform_matrix": [
        [
          -0.9830413896039406,
          -0.036234518407610876,
          0.17976842344137528,
          0.7107154755643257
        ],
        [
          0.17079020711659051,
          -0.537904131326347,
          0.8255239855117337,
          3.312012554233224
        ],
        [
          0.06678571360219059,
          0.8422269321414131,
          0.5349705256363584,
          2.1415921147540766
        ],
        [
          0.0,
          0.0,
          0.0,
          1.0
        ]
      ]
    },
    {
      "file_path": "./images/r_23.png",
      "sharpness": 696.867453125,
      "transform_matrix": [
        [
          -0.028153172206774806,
          -0.5376976925457896,
          0.842667544403429,
          3.362549178957825
        ],
        [
          0.999325100121877,
          0.004759175376327101,
          0.03642381797937485,
          0.15122841882742533
        ],
        [
          -0.023595405508972527,
          0.8431242742004145,
          0.5372008145546913,
          2.1471929729643198
        ],
        [
          0.0,
          0.0,
          0.0,
          1.0
        ]
      ]
    },
    {
      "file_path": "./images/r_22.png",
      "sharpness": 896.09773125,
      "transform_matrix": [
        [
          0.836901324747846,
          0.3817729722680934,
          -0.3922315264562011,
          -1.5826067868022629
        ],
        [
          -0.5455108310363794,
          0.5230082628992443,
          -0.6548895251576177,
          -2.6169258343992823
        ],
        [
          -0.044878791220487435,
          0.7620444571236881,
          0.6459675994436436,
          2.5887521004438034
        ],
        [
          0.0,
          0.0,
          0.0,
          1.0
        ]
      ]
    },
    {
      "file_path": "./images/r_21.png",
      "sharpness": 642.13028125,
      "transform_matrix": [
        [
          -0.9945773026170097,
          0.10031015265214209,
          0.02745655585196711,
          0.09952538385235726
        ],
        [
          -0.07441139227968202,
          -0.8708064289113527,
          0.4859620438529252,
          1.9532226037368747
        ],
        [
          0.07265627215369032,
          0.48128373820134196,
          0.8735485272868379,
          3.4988286035253764
        ],
        [
          0.0,
          0.0,
          0.0,
          1.0
        ]
      ]
    },
    {
      "file_path": "./images/r_20.png",
      "sharpness": 774.120590625,
      "transform_matrix": [
        [
          -0.4663324507196314,
          0.4793575167984011,
          -0.7434718666903064,
          -2.987140561665927
        ],
        [
          -0.8832197044441865,
          -0.2052081902150001,
          0.42167825690953653,
          1.6976270969319869
        ],
        [
          0.04956812588074802,
          0.8532912573205866,
          0.5190732425604839,
          2.078061969597299
        ],
        [
          0.0,
          0.0,
          0.0,
          1.0
        ]
      ]
    },
    {
      "file_path": "./images/r_0.png",
      "sharpness": 273.22809375,
      "transform_matrix": [
        [
          0.8607408104393524,
          -0.08301436581783157,
          0.5022289043626882,
          2.0019650706095544
        ],
        [
          0.5036222542462186,
          0.2824802527899133,
          -0.8164370960531867,
          -3.265352897826161
        ],
        [
          -0.07409374010376593,
          0.9556743806923167,
          0.28495016376749965,
          1.139125785327504
        ],
        [
          0.0,
          0.0,
          0.0,
          1.0
        ]
      ]
    },
    {
      "file_path": "./images/r_1.png",
      "sharpness": 433.95625625,
      "transform_matrix": [
        [
          0.6278412476688933,
          -0.18074891106762098,
          0.7570635369232311,
          3.026918514550043
        ],
        [
          0.7756133059569635,
          0.22665417786973518,
          -0.5891110958696681,
          -2.357334721505869
        ],
        [
          -0.06511042448019358,
          0.9570567981389001,
          0.2824941022843803,
          1.129999756663815
        ],
        [
          0.0,
          0.0,
          0.0,
          1.0
        ]
      ]
    },
    {
      "file_path": "./images/r_10.png",
      "sharpness": 607.115478125,
      "transform_matrix": [
        [
          -0.8726132170870595,
          -0.03470498948835052,
          0.48717731590752583,
          1.9421578772450547
        ],
        [
          0.4857777988852407,
          -0.16512575382367892,
          0.8583434135207358,
          3.442208948604746
        ],
        [
          0.050656722391394786,
          0.9856617316261951,
          0.16094982867199262,
          0.6436801245428748
        ],
        [
          0.0,
          0.0,
          0.0,
          1.0
        ]
      ]
    },
    {
      "file_path": "./images/r_11.png",
      "sharpness": 465.8422375,
      "transform_matrix": [
        [
          0.9541474105008139,
          -0.18933935433385488,
          0.231847639626342,
          0.9178250548612817
        ],
        [
          0.289528735780424,
          0.7803975677545925,
          -0.5542136297495418,
          -2.212716115278788
        ],
        [
          -0.07599888323424013,
          0.5959280536844723,
          0.7994335023279403,
          3.197502333532237
        ],
        [
          0.0,
          0.0,
          0.0,
          1.0
        ]
      ]
    },
    {
      "file_path": "./images/r_12.png",
      "sharpness": 607.75940625,
      "transform_matrix": [
        [
          0.72513918573,
          -0.5524953246964198,
          0.4110013109136101,
          1.6349362603263333
        ],
        [
          0.6850187269980089,
          0.6395959931032358,
          -0.3488069799593602,
          -1.391592295998252
        ],
        [
          -0.07016056597149778,
          0.5344772042212248,
          0.8422657616309441,
          3.370127047322332
        ],
        [
          0.0,
          0.0,
          0.0,
          1.0
        ]
      ]
    },
    {
      "file_path": "./images/r_13.png",
      "sharpness": 626.1286625,
      "transform_matrix": [
        [
          -0.468281028269869,
          0.22213400703090388,
          -0.8552013573119398,
          -3.431354065425635
        ],
        [
          -0.882234104192516,
          -0.06415426328910162,
          0.4664195706673531,
          1.8747152381132057
        ],
        [
          0.048742835147785844,
          0.972903239529622,
          0.22601642108451991,
          0.9033327981535331
        ],
        [
          0.0,
          0.0,
          0.0,
          1.0
        ]
      ]
    },
    {
      "file_path": "./images/r_14.png",
